0.10883393478050518
0.13619071583696485
0.13587276775570256
0.14012591415233633
0.14420354831521465
0.13975485946809263
0.10883393478050074
0.1395589173753513
0.14147283148313816
0.1088339347805034
0.13587276775570256
0.14420354831521465
0.13975485946809263
0.1395589173753513
0.14147283148313816
0.10883393478050474
0.13578338095390752
0.13578338095390752
0.13980525904764418
0.14420374955213777
0.13980525904764418
0.10883393478050296
0.14364020983687897
0.14364020983687853
0.10883393478050252
0.1436132383195039
0.1394658771371886
0.1415230900807658
0.10883393478050074
0.13578338095391063
0.13578338095391063
0.13980525904764773
0.1442037495521431
0.13980525904764685
0.135872767755703
0.13975485946809396
0.14361323831950035
0.10883393478050252
0.1415230900807667
0.13946587713719616
0.135872767755703
0.14361323831950124
0.13975485946809396
0.1394658771371966
0.14152309008076713
0.10883393478050385
0.1361907158369675
0.1401259141523319
0.1442035483152142
0.10883393478050518
0.13955891737535175
0.14147283148313372
0.1442035483152142
0.13955891737535175
0.14147283148313372
0.13955526393898587
0.13991546283691658
0.14147269050122402
0.14420354831521154
0.14188306199460143
0.10883393478050296
0.14319066251625934
0.1432414135586355
0.13578338095390752
0.13980525904764418
0.1436132383195039
0.13578338095390752
0.14420374955213777
0.13980525904764418
0.14364020983687897
0.14364020983687853
0.10883393478050252
0.1436132383195039
0.1394658771371886
0.1415230900807658
0.1394658771371966
0.14420374955214044
0.14152309008076713
0.1436402098368741
0.14364020983687542
0.1394658771371886
0.14420374955214044
0.1415230900807658
0.1436132383195039
0.14420374955214088
0.13578338095391063
0.14361323831950124
0.1398052590476473
0.13578338095391063
0.1398052590476473
0.1442037495521431
0.14361323831950035
